,CATGCCTCAAGCTGCC-H10,GGGAAGTCAACATACC-H10,GGTAATCTCCCTTCCC-H10
AAACCCAAGGCTATCT-H10,0.25635056128111006,0.4014142654616165,0.34223517325727115
AAACCCAAGGTAAACT-H10,0.2592121128147815,0.3989356977178039,0.3418521894674126
AAACCCACAAATAAGC-H10,0.2446192958166565,0.4114367166091542,0.3439439875741862
AAACCCACACAATTCG-H10,0.15449399824579102,0.48402206218601274,0.3614839395681957
AAACCCACATACTGTG-H10,0.2672040963614165,0.39104896077096657,0.34174694286761576
AAACCCAGTCGATTTG-H10,0.26558293051959275,0.39290713715973996,0.34150993232066534
AAACGAAAGACGCATG-H10,0.43132788709203007,0.27515987821362786,0.2935122346943408
AAACGAACAATAGTGA-H10,0.2649399129088963,0.39357392654964185,0.3414861605414597
AAACGAACAGACCAAG-H10,0.15114362771304546,0.3383395022842814,0.5105168700026733
AAACGAAGTAGTGGCA-H10,0.26460361534625615,0.39390077133827595,0.34149561331546546
AAACGAAGTCTAATCG-H10,0.15828142131355089,0.39525427704809457,0.4464643016383548
AAACGAAGTTAGAGAT-H10,0.26434058414934924,0.3941772790915793,0.3414821367590687
AAACGAATCGCTTTAT-H10,0.6680781168211812,0.11817666014450208,0.21374522303431676
AAACGCTAGGGATCGT-H10,0.25497041848949054,0.40306503587032166,0.3419645456401854
AAACGCTGTCACGTGC-H10,0.21231783578343177,0.2433901936149316,0.5442919706016374
AAACGCTTCCACAGGC-H10,0.26937358873344686,0.3886955178086165,0.34193089345793526
AAACGCTTCCCTTTGG-H10,0.27072614543076606,0.3900537186969749,0.33922013587225663
AAACGCTTCTGCTGAA-H10,0.25156820209379155,0.4056372756652858,0.34279452224092005
AAACGCTTCTTAGGAC-H10,0.21190485801906805,0.301290940373952,0.4868042016069802
AAAGAACAGCGGACAT-H10,0.3605496024245502,0.27163996389122697,0.3678104336842221
AAAGAACCATCGAGCC-H10,0.23668333258710628,0.4187578954368365,0.3445587719760543
AAAGAACGTAGCGCCT-H10,0.2562742652816737,0.40154785011160526,0.34217788460671866
AAAGAACGTTGACTAC-H10,0.2510223859584421,0.4060442786320147,0.34293333540954063
AAAGAACTCCACTGAA-H10,0.2667449488615387,0.39154979313409227,0.3417052580043682
AAAGAACTCCTGTAGA-H10,0.2648046753145038,0.39367338755648124,0.3415219371290138
AAAGAACTCTATTCGT-H10,0.26904845629768404,0.38904621909472775,0.34190532460758705
AAAGGATAGCGAGAAA-H10,0.25042391966359373,0.4070172038718672,0.3425588764645366
AAAGGATCAGCAGATG-H10,0.15536638155431648,0.42858667570255327,0.4160469427431305
AAAGGATGTACTAGCT-H10,0.2530199793475037,0.4045343933570951,0.342445627295399
AAAGGATGTCTTGCTC-H10,0.584784973519274,0.14502143838566692,0.2701935880950589
AAAGGATTCACACGAT-H10,0.2677296644439878,0.3904744241054711,0.3417959114505401
AAAGGATTCATAGGCT-H10,0.2526115528488189,0.4049737570635256,0.34241469008765274
AAAGGATTCATTTCCA-H10,0.2635385574234866,0.39493429400732755,0.34152714856918376
AAAGGATTCGTGCTCT-H10,0.24813947634701336,0.40840508682495946,0.3434554368280248
AAAGGATTCTACACTT-H10,0.23853858821089746,0.4175783965586539,0.34388301523044545
AAAGGGCAGACTCTTG-H10,0.2658355695217559,0.3925443724238649,0.3416200580543788
AAAGGGCAGGAACGCT-H10,0.255831927914669,0.40191661566103126,0.342251456424297
AAAGGGCAGGGCCTCT-H10,0.25340738281985975,0.4042996786576327,0.3422929385225052
AAAGGGCGTCAGTCTA-H10,0.6508322923444464,0.1300191261516726,0.21914858150388067
AAAGGGCTCCCGAGAC-H10,0.8044519995269488,0.0701588380749798,0.12538916239807113
AAAGGTAAGAGCTGCA-H10,0.25505768857642774,0.40281252246323124,0.3421297889603388
AAAGGTAAGCGACATG-H10,0.7418006850290433,0.09293226874478475,0.16526704622617136
AAAGGTAAGCGTGTTT-H10,0.2679638040628552,0.3902140222377362,0.34182217369940754
AAAGGTACAAGATCCT-H10,0.24336210172274542,0.4125483463253844,0.3440895519518671
AAAGGTACACAAATAG-H10,0.6224844033011676,0.13400940830413802,0.2435061883946941
AAAGGTACAGCAGAAC-H10,0.2717856189988149,0.384904900847699,0.34330948015348445
AAAGGTACATTGGCAT-H10,0.26457710210299806,0.39393024138806776,0.3414926565089319
AAAGGTAGTAGCGTAG-H10,0.31066216017279846,0.19883920892720433,0.49049863089999807
AAAGGTATCAGACCGC-H10,0.28123176752520057,0.37984901182694825,0.33891922064784924
AAAGGTATCTGCCTCA-H10,0.24359767785154268,0.4123388078000345,0.3440635143484197
AAAGTCCAGACATCAA-H10,0.26854286692012214,0.39128756282347676,0.3401695702563988
AAAGTCCAGACTTGTC-H10,0.2713505615055641,0.38656071073383114,0.3420887277606025
AAAGTCCCATGCCGGT-H10,0.26587156314448845,0.39250491978568325,0.34162351706982763
AAAGTCCGTGAGCCAA-H10,0.2659753838555002,0.39239205459710036,0.3416325615473992
AAAGTCCTCAACTACG-H10,0.24181226946614953,0.4132424257635429,0.3449453047703044
AAAGTCCTCAGCAGAG-H10,0.24207390861605194,0.4114398273515178,0.3464862640324275
AAAGTCCTCTCACTCG-H10,0.24238593318739948,0.4134377132473582,0.3441763535652389
AAAGTGAAGACATCAA-H10,0.2586435708094504,0.4002543263298551,0.34110210286069176
AAAGTGAAGACGGTCA-H10,0.2648009547911165,0.3936774254814013,0.3415216197274808
AAAGTGAAGAGCAGTC-H10,0.14156480888308853,0.4479763924970854,0.41045879861982626
AAAGTGAAGCGGACAT-H10,0.2545289233529376,0.4032726920739688,0.3421983845730913
AAAGTGAAGTGCCCGT-H10,0.21264885388522067,0.24353084564947558,0.5438203004653044
AAAGTGACAAGTATCC-H10,0.26434431491715626,0.3941751120066407,0.34148057307620033
AAAGTGACACGAAAGC-H10,0.1686268656284927,0.276538583229149,0.5548345511423587
AAAGTGAGTGCTCGTG-H10,0.2655392679155061,0.3930616761678809,0.3413990559166106
AAAGTGATCGGTCGAC-H10,0.2697042108677401,0.38869521276366137,0.3416005763685963
AAATGGACAGGGTCTC-H10,0.28316503160430334,0.3256699581156205,0.3911650102800689
AAATGGACATATGAAG-H10,0.24037757511561603,0.41582369890630894,0.3437987259780724
AACAAAGAGTGCTCAT-H10,0.5490375722564964,0.15647276931835657,0.2944896584251472
AACAAAGGTGTCATTG-H10,0.2703571149151109,0.38763291724580146,0.34200996783908605
AACAAAGGTTCCGTTC-H10,0.17777463818391126,0.48332041703497713,0.3389049447811104
AACAACCAGCGAGAAA-H10,0.24460014405490693,0.41132603408388696,0.3440738218612029
AACAACCCAATCTGCA-H10,0.26464770503949303,0.3938478416723613,0.34150445328814355
AACAACCCACGTCGTG-H10,0.4400225511081096,0.2306781482871702,0.3292993006047193
AACAACCCAGTCGGAA-H10,0.7816859584736124,0.07812331337526604,0.14019072815112116
AACAACCCATAGAATG-H10,0.24688057345634334,0.4097574641901544,0.34336196235349914
AACAACCCATAGGCGA-H10,0.2486870727079708,0.4078967832052513,0.343416144086775
AACAACCGTGGTACAG-H10,0.5213851232770793,0.1649211035545492,0.3136937731683718
AACAACCGTTCAAGGG-H10,0.26742010935872607,0.39080904951242934,0.3417708411288437
AACAACCTCAAGAGGC-H10,0.5189972529365009,0.1656604727638182,0.31534227429968115
AACAACCTCCATAGAC-H10,0.21388603422032376,0.4428393184418451,0.3432746473378284
AACAACCTCGAACTCA-H10,0.2669448953464808,0.39133179609404345,0.34172330855947464
AACAAGAAGACTCCGC-H10,0.2509868862746392,0.40653766405977354,0.3424754496655845
AACAAGAAGCAGCCTC-H10,0.28302608550975306,0.32596407510166175,0.39100983938857115
AACAAGAAGGCTGGAT-H10,0.27048002544525374,0.3879280409512924,0.3415919336034522
AACAAGACAACATACC-H10,0.250485029607466,0.4064167970752016,0.3430981733173296
AACAAGACAAGTGGTG-H10,0.2654437387224598,0.3929744515543403,0.3415818097231992
AACAAGACACCGTGAC-H10,0.2377173783865838,0.41693885159910343,0.3453437700143097
AACAAGATCTCAACGA-H10,0.804785769179974,0.07019217833351223,0.12502205248651363
AACACACCAGACCGCT-H10,0.26452803004385117,0.3939875439452446,0.34148442601090206
AACACACTCGTCGCTT-H10,0.2747405345812949,0.30594596244366884,0.41931350297503506
AACACACTCTAACACG-H10,0.24186815423691985,0.41324921278009574,0.3448826329829811
AACACACTCTGTCCGT-H10,0.0,0.9658717580221153,0.024686495757041276
AACAGGGAGCGTCTGC-H10,0.252376011073914,0.4052712738120755,0.3423527151140077
AACAGGGAGGCTGGAT-H10,0.2666407307906026,0.3916622201117234,0.3416970490976728
AACAGGGCAAGAAATC-H10,0.26433164289347755,0.3941857417749807,0.3414826153315394
AACAGGGCAGGTTACT-H10,0.7444591953101793,0.09258633995407495,0.1629544647357455
AACAGGGCAGTGTGGA-H10,0.2532719662669903,0.4042203727956076,0.3425076609373997
AACAGGGGTGATTCTG-H10,0.2670738257721916,0.39117653101041583,0.3417496432173914
AACAGGGGTGCAGTGA-H10,0.2406841523585173,0.4142181345014239,0.3450977131400558
AACAGGGGTTCTGACA-H10,0.26536087745603004,0.3931857255053727,0.3414533970385952
AACAGGGTCGCCGAAC-H10,0.7470423586315491,0.09086890698288433,0.16208873438556634
AACCAACCACCCTGTT-H10,0.2138860239927139,0.4428393284021727,0.3432746476051107
AACCAACCAGTAACAA-H10,0.25013109448944826,0.4072793773998059,0.3425895281107432
AACCAACGTATGGTAA-H10,0.25525903405288236,0.4026267149278256,0.34211425101928983
AACCAACGTCACATTG-H10,0.2650047411161198,0.3934524121877431,0.34154284669613577
AACCAACGTGAGAGGG-H10,0.26479348511827255,0.39368565020868485,0.34152086467304105
AACCAACGTTCGGCCA-H10,0.24008327819823122,0.41495010028272367,0.34496662151904195
AACCAACTCGCAATGT-H10,0.519966002564522,0.16592515990897896,0.3141088375264994
AACCACAAGTAAGACT-H10,0.28202929490301426,0.32412034198987305,0.3938503631071083
AACCACACAAGAGTTA-H10,0.24862604708265887,0.4086262212815908,0.34274773163574757
AACCACACACCGTACG-H10,0.21133453701885893,0.4349977958894818,0.35366766709165715
AACCACACACGGCTAC-H10,0.2707394047025809,0.3872197369346843,0.34204085836273274
AACCACACATCAACCA-H10,0.2515888976505943,0.40562011157040556,0.3427909907789973
AACCACACATCTGCGG-H10,0.21224686459640985,0.2716929793773347,0.5160601560262564
AACCACAGTGATGAAT-H10,0.1553268093577185,0.24614141644902235,0.5985317741932598
AACCACATCCAAGCCG-H10,0.265323863267611,0.3931078946031645,0.3415682421292236
AACCATGAGCCACCGT-H10,0.25330159581864753,0.40402586185102674,0.3426725423303232
AACCATGAGGATGGCT-H10,0.19107541628332667,0.23646992837849173,0.5724546553381823
AACCATGGTATGTCAC-H10,0.26545769106196754,0.39296220292522005,0.3415801060128116
AACCATGGTTACGGAG-H10,0.2511490272933177,0.40641042778877046,0.34244054491790943
AACCATGTCGTCGCTT-H10,0.26465894191553313,0.3938311104980172,0.3415099475864475
AACCCAAAGACATGCG-H10,0.27075632566689617,0.3872010298422235,0.3420426444908785
AACCCAAAGAGTGTGC-H10,0.734613767124302,0.09557162468412933,0.1698146081915684
AACCCAAAGCATCTTG-H10,0.14607127915032408,0.24456272634758805,0.6093659945020883
AACCCAAAGCCATCCG-H10,0.15768805620800636,0.3094174001864396,0.5328945436055547
AACCCAAAGCCATTCA-H10,0.7263704240982443,0.09852075309392189,0.1751088228078334
AACCCAACAACCAACT-H10,0.2649341400655076,0.3935346632404108,0.3415311966940801
AACCCAACAACGGCTC-H10,0.25158888485906933,0.40562012693462024,0.34279098820630766
AACCCAACATCCTGTC-H10,0.253368977159672,0.4041089418243765,0.34252208101594905
AACCCAATCGCCACTT-H10,0.24442461421182798,0.4115866753727494,0.34398871041541906
AACCCAATCGTCGACG-H10,0.2369789645982216,0.41911219771237834,0.34390883768939695
AACCTGAAGACCAACG-H10,0.23770000146930048,0.4169525488761032,0.3453474496545931
AACCTGAAGAGGCGTT-H10,0.23921451955668552,0.23966847348320416,0.521117006960111
AACCTGAAGGTTGTTC-H10,0.28299444482438696,0.32583504829364185,0.391170506881964
AACCTGACAACAAGTA-H10,0.248788578255511,0.4084808937517684,0.34273052799271786
AACCTGATCATCACCC-H10,0.265879385494344,0.39249671185330726,0.3416239026523483
AACCTTTAGGGTACAC-H10,0.16444287778898634,0.2581012493473122,0.5774558728637023
AACCTTTAGGTGCCAA-H10,0.2981463683933197,0.35936312049522684,0.3424905111114517
AACCTTTAGTAGGAAG-H10,0.1826106389071163,0.33352078720183925,0.48386857389104493
AACCTTTCAAAGGAGA-H10,0.18767748093437667,0.31584078415956446,0.4964817349060594
AACCTTTCACCATTCC-H10,0.29183344844810727,0.3645778128753046,0.3435887386765867
AACCTTTCAGCATGCC-H10,0.25550659781371454,0.40268296868682146,0.3418104334994614
AACCTTTCATATGCGT-H10,0.26457200963870453,0.3939362618899712,0.3414917284713222
AACCTTTGTGATGGCA-H10,0.23315704177219357,0.3908538724109011,0.3759890858169038
AACCTTTTCGTTGTGA-H10,0.21199733426700174,0.24328579602003933,0.5447168697129597
AACGAAAAGTTGTAGA-H10,0.3256340244194359,0.3496459277227304,0.324720047857832
AACGAAACAAATCGTC-H10,0.2547922388604181,0.4030410282954589,0.3421667328441208
AACGAAACATACAGGG-H10,0.30947040434679435,0.34545698327291463,0.34507261238028886
AACGAAAGTAACGATA-H10,0.4347066024820131,0.26579436415115193,0.29949903336683376
AACGAAATCCATTTGT-H10,0.24983455263554621,0.40777805464184025,0.3423873927226109
AACGGGAAGAGCTGAC-H10,0.23842700014748258,0.417395627430833,0.34417737242168134
AACGGGAAGGTGGCTA-H10,0.19058369027329208,0.3310973352814367,0.4783189744452714
AACGGGACATAATCGC-H10,0.24871899355281452,0.4087392721264879,0.34254173432069496
AACGGGACATCTCCCA-H10,0.2768692495926155,0.3806148552580088,0.3425158951493737
AACGGGAGTCCGGTCA-H10,0.2491450426721773,0.4083768353694556,0.34247812195836425
AACGGGATCAGACCCG-H10,0.26584482818956007,0.39253429140257723,0.34162088040786215
AACGTCAAGGAACGCT-H10,0.26448079604842184,0.39403555354484443,0.34148365040673123
AACGTCATCTTCGCTG-H10,0.6815125252268763,0.11226741308651818,0.2062200616866054
AACTTCTGTGGTCAAG-H10,0.7269967771094711,0.0983279595868326,0.17467526330369604
AACTTCTTCATTTGGG-H10,0.19654676880352384,0.4560498677536866,0.34740336344278766
AACTTCTTCCTGCTAC-H10,0.26442831202071193,0.39406899278796653,0.3415026951913194
AACTTCTTCTCTTGCG-H10,0.24991825495562636,0.4074857808383609,0.34259596420601013
AAGAACAAGCCATATC-H10,0.15417301299573707,0.22829137340925895,0.6175356135950044
AAGAACAAGTAGCAAT-H10,0.2638958588769884,0.39459996346670145,0.34150417765630814
AAGAACACACCGCTAG-H10,0.2697705007295199,0.3882142862868919,0.3420152129835869
AAGAACACACTCCTTG-H10,0.24272990141206485,0.4140857555147319,0.3431843430732003
AAGAACACAGCGTTGC-H10,0.26773187712508134,0.3904735046063249,0.34179461826859275
AAGAACAGTTATAGAG-H10,0.2586488402837103,0.40024973584914336,0.3411014238671438
AAGAACAGTTCGTAAC-H10,0.27214028934002066,0.3873863799218772,0.3404733307381001
AAGAACATCTCCGCAT-H10,0.2644204363554852,0.3940951486482226,0.3414844149962899
AAGACAAAGAAAGCGA-H10,0.25602816070923123,0.40170035438006857,0.34227148491069775
AAGACAAAGAGAGAAC-H10,0.23138912133903092,0.4210704495950105,0.34754042906595595
AAGACAAAGAGCCGTA-H10,0.2487388686026018,0.40793041703643734,0.3433307143609583
AAGACAACAACATCGT-H10,0.33964070515937544,0.20825451049014815,0.4521047843504773
AAGACAACAGCAGGAT-H10,0.2688408687030386,0.3892683486276754,0.34189078266928524
AAGACAAGTGGGCTCT-H10,0.2694999099131767,0.3885593946235341,0.34194069546328815
AAGACAAGTTGTGGAG-H10,0.23986213145645763,0.41513410299299025,0.3450037655505493
AAGACTCCAGCTCCTT-H10,0.24239712039487005,0.4134283017790765,0.3441745778260503
AAGACTCCATCATTGG-H10,0.252509420082455,0.40516495383533485,0.3423256260822074
AAGACTCCATGTCTAG-H10,0.267259465676242,0.3909882437872848,0.3417522905364723
AAGACTCGTCGCTTAA-H10,0.24240228969708935,0.4134242870560362,0.3441734232468714
AAGACTCGTCGTCAGC-H10,0.26559957332062306,0.3927975668418853,0.34160285983749056
AAGACTCTCTACCAGA-H10,0.2643154857112525,0.3941887408871151,0.3414957734016301
AAGACTCTCTTTGATC-H10,0.26451625244449467,0.3940229258007495,0.34146082175475345
AAGATAGAGCCTCGTG-H10,0.2478949826552818,0.4090062190285789,0.34309879831613627
AAGATAGAGCTCCACG-H10,0.24222881833301305,0.41468970274951583,0.34308147891746754
AAGATAGGTTCCACGG-H10,0.2885553210317943,0.3158723817145038,0.3955722972536986
AAGATAGTCATGCAGT-H10,0.3524821568841325,0.28651196649139843,0.36100587662446815
AAGCATCAGAGTATAC-H10,0.24391850929909348,0.41299930183257244,0.34308218886833114
AAGCATCAGCCAAGGT-H10,0.26956677187246814,0.3884875627833532,0.34194566534417664
AAGCATCAGGTGGGTT-H10,0.2634122452681365,0.39514418128808565,0.34144357344377574
AAGCATCGTGAACGGT-H10,0.264995361004038,0.3934625783687449,0.3415420606272156
AAGCATCGTTTACGAC-H10,0.24631373993387454,0.4107952418668226,0.3428910181993005
AAGCATCTCGTAATGC-H10,0.23126708288446038,0.42265210944944626,0.3460808076660901
AAGCATCTCGTTCCCA-H10,0.6328945665362886,0.13936205304622346,0.22774338041748743
AAGCCATAGAGGGCGA-H10,0.267829689322768,0.3903631150122756,0.34180719566495565
AAGCCATAGGCCTTGC-H10,0.27027930035832276,0.38771707144564815,0.3420036281960274
AAGCCATCACATTGTG-H10,0.26077307518430676,0.3979878090302145,0.34123911578547655
AAGCCATGTACGTACT-H10,0.2731280382863039,0.38464446588227014,0.3422274958314239
AAGCGAGAGTCCCGGT-H10,0.26991131570839133,0.38811520177301573,0.34197348251859133
AAGCGAGCATGAATAG-H10,0.24187686033641592,0.41323365032543874,0.34488948933814195
AAGCGAGCATGACTTG-H10,0.2946013628697181,0.3728420634504252,0.3325565736798543
AAGCGAGGTACTGGGA-H10,0.2533897291530921,0.40408853925020516,0.3425217315967004
AAGCGAGGTATGCGGA-H10,0.2702905969982803,0.38770178778921704,0.34200761521250095
AAGCGAGGTCCACACG-H10,0.4985945651924633,0.19561997596562117,0.3057854588419146
AAGCGAGGTCCCTCAT-H10,0.26407538124490937,0.3944125774306232,0.3415120413244651
AAGCGAGTCACCTCAC-H10,0.26846182834835525,0.38968396982447706,0.34185420182716647
AAGCGAGTCAGGAACG-H10,0.23986325695083938,0.415133371442105,0.3450033716070524
AAGCGAGTCAGGTAAA-H10,0.26774272034925584,0.390463620711022,0.34179365893972113
AAGCGTTAGCCAGAGT-H10,0.16277817376305764,0.4233179535648298,0.4139038726721127
AAGCGTTAGTCTAGCT-H10,0.7357108540841596,0.09420381290600867,0.17008533300983172
AAGCGTTAGTGATCGG-H10,0.23969759835917978,0.4153105976729511,0.3449918039678657
AAGCGTTCAAGCCCAC-H10,0.24785946379677587,0.4088641045825881,0.3432764316206333
AAGCGTTCACAAGCTT-H10,0.3813811455062003,0.29989391877007393,0.3187249357237244
AAGCGTTCACCAAATC-H10,0.23666971934779976,0.41833259596535793,0.3449976846868397
AAGCGTTCACGTCATA-H10,0.2650240622861413,0.3934331615955086,0.341542776118349
AAGCGTTGTATGAGCG-H10,0.2665797522033042,0.3917296389470966,0.3416906088495983
AAGCGTTGTCTCGACG-H10,0.2397817858286213,0.41689797397491024,0.3433202401964658
AAGCGTTGTTAACAGA-H10,0.26579986960171453,0.3925832155058067,0.34161691489247814
AAGCGTTTCATGTCAG-H10,0.27029198183102415,0.38770363775175626,0.3420043804172176
AAGCGTTTCCAGCACG-H10,0.2527381839330118,0.40482906812838654,0.34243274793859907
AAGCGTTTCCATTGGA-H10,0.2631085383175188,0.3953927677994609,0.34149869388301796
AAGCGTTTCCGCATAA-H10,0.2695165599116974,0.3885423365719704,0.34194110351633034
AAGGAATAGTTAACAG-H10,0.39474845325754215,0.21051516799490566,0.3947363787475521
AAGGAATCACAACATC-H10,0.32563402858964097,0.34964592422638613,0.3247200471839714
AAGGAATCACCAGTTA-H10,0.16796805024185604,0.5054517844579944,0.3265801653001485
AAGGAATCATCACCAA-H10,0.2652616016040044,0.3931719657384998,0.3415664326574939
AAGGAATTCTGTCCGT-H10,0.2709179413028228,0.38702555024537183,0.3420565084518034
AAGGAATTCTTCCCGA-H10,0.26452831808839083,0.3939699970359701,0.34150168487563703
AAGGTAAAGGTAGATT-H10,0.25273827106901164,0.4047770904472,0.34248463848378596
AAGGTAAAGTCAACAA-H10,0.5385931599321021,0.19605885605117715,0.2653479840167203
AAGGTAACAGGCGATA-H10,0.2342828899243438,0.4187401580329029,0.346976952042751
AAGGTAAGTAACTGCT-H10,0.16796779873084486,0.5054521054520045,0.32658009581714964
AAGGTAAGTTGCCAAT-H10,0.2491763891524886,0.40834437357714626,0.3424792372703623
AAGGTAATCACACCCT-H10,0.23151423453002073,0.4230049848262703,0.3454807806437061
AAGGTAATCGAGAGCA-H10,0.26607591890311266,0.3922815257954836,0.341642555301403
AAGTACCAGTCGCCAC-H10,0.2646779775620254,0.39381083694157604,0.3415111854963966
AAGTACCAGTTTCGAC-H10,0.27048248464238256,0.38792556964339125,0.3415919457142248
AAGTACCGTAGCGAGT-H10,0.36866285496222934,0.2595946084695753,0.37174253656819456
AAGTACCGTCGCAGTC-H10,0.2512215193932137,0.40580929442371255,0.34296918618307115
AAGTACCGTGCAACGA-H10,0.18198637174257634,0.3356990386541542,0.48231458960327
AAGTACCTCGGCTTGG-H10,0.24172298186597407,0.41250431815161326,0.34577269998240945
AAGTCGTAGACGCCCT-H10,0.24281006034371216,0.41288086284254644,0.3443090768137382
AAGTCGTCAAAGACTA-H10,0.2549951494247234,0.40287045804049354,0.342134392534781
AAGTCGTCAGTGTACT-H10,0.26512779637005734,0.3934561897219682,0.3414160139079722
AAGTCGTTCGGTGCAC-H10,0.24138676088382072,0.4142626199023092,0.3443506192138668
AAGTGAAAGTACGTCT-H10,0.2562739384266528,0.40154815011433326,0.34217791145901155
AAGTGAAAGTCGAAAT-H10,0.2598197146322882,0.3983905063559962,0.34178977901171353
AAGTGAACAGGTATGG-H10,0.24214301906424693,0.41315871372864366,0.34469826720710667
AAGTGAACAGTGTGCC-H10,0.2508168889701658,0.4062698141710333,0.3429132968587983
AAGTGAAGTATGTCTG-H10,0.24397129704843265,0.41174562016552474,0.3442830827860396
AAGTGAATCTAGGCAT-H10,0.26489064634421366,0.3935775353105706,0.3415318183452143
AAGTGAATCTATCGCC-H10,0.26492875589624143,0.3935364185783283,0.3415348255254287
AAGTTCGCAGACGGAT-H10,0.4069110743431626,0.2564446965458101,0.33664422911102637
AAGTTCGGTCTGCGCA-H10,0.24338835330925365,0.4123003016437477,0.34431134504699595
AAGTTCGTCCAGCCTT-H10,0.25314167144838623,0.40448874053482786,0.3423695880167835
AAGTTCGTCTGACCCT-H10,0.2689835293727617,0.38911219153359045,0.3419042790936467
AATAGAGCAGAGTCTT-H10,0.2654957495398957,0.39294099601688015,0.34156325444322333
AATAGAGGTTATGGTC-H10,0.27753913774508193,0.3806870526312227,0.34177380962369325
AATAGAGTCCACTGAA-H10,0.25132513644088916,0.4058386730884895,0.34283619047061864
AATAGAGTCCGGTTCT-H10,0.25577042241834314,0.40215841576946526,0.3420711618121893
AATCACGCACCTGATA-H10,0.1569249893501517,0.518789318293744,0.3242856923561035
AATCACGCAGAACTTC-H10,0.23978156038541756,0.41689818856914596,0.3433202510454336
AATCACGCAGGACAGT-H10,0.25636023201733915,0.4014043628727551,0.34223540510990347
AATCACGGTGCACAAG-H10,0.15449400610507458,0.48402217936991787,0.3614838145250071
AATCACGGTTCGGCTG-H10,0.17634617838167846,0.4814005369122298,0.34225328470609057
AATCACGTCCGTAGTA-H10,0.2681833277823299,0.34105593965918474,0.390760732558482
AATCGACAGGAACGCT-H10,0.2511490653006736,0.4064103970593331,0.34244053763999066
AATCGACCAAGCTACT-H10,0.25626050635323516,0.4015594664857405,0.3421800271610221
AATCGACGTAGGTCAG-H10,0.25111144555938586,0.40644040648065555,0.34244814795995615
AATCGACTCTAGTCAG-H10,0.26684385538520533,0.391441984151059,0.3417141604637347
AATCGTGCACAGCTTA-H10,0.15336907368822386,0.3180607008609436,0.528570225450833
AATCGTGCAGAAGTGC-H10,0.2561735738210791,0.401620264360742,0.34220616181817665
AATCGTGCAGAGGCAT-H10,0.2645756014452213,0.39394217066330445,0.34148222789147215
AATCGTGCAGCGGTTC-H10,0.2463137411008824,0.4107952414925552,0.3428910174065597
AATCGTGCATATCTGG-H10,0.25106965442941215,0.40597039706828814,0.34295994850229666
AATCGTGCATCCGATA-H10,0.27416077528544297,0.383532056005608,0.342307168708947
AATCGTGCATCGTTCC-H10,0.7323992578622315,0.09644135605780528,0.1711593860799631
AATCGTGGTAACAGTA-H10,0.248102475166421,0.4084370961942674,0.3434604286393093
AATCGTGGTGGATACG-H10,0.24247676305393093,0.4129429413085592,0.34458029563750675
AATCGTGGTTAGGCCC-H10,0.5508575002665765,0.1558869326548912,0.2932555670785325
AATCGTGTCTTCCAGC-H10,0.23774571735981356,0.416919569932756,0.3453347127074273
AATGAAGAGTTACGTC-H10,0.2710213515320267,0.3869148681628117,0.34206378030515944
AATGAAGCACAAATGA-H10,0.24109756527909965,0.4147571931315647,0.3441452415893322
AATGAAGCACGTTCGG-H10,0.2721167384933562,0.38738386003316216,0.34049940147347946
AATGAAGGTCACCGCA-H10,0.2647143130899365,0.3937708104458,0.34151487646426165
AATGAAGGTTTGTGGT-H10,0.2498358158631515,0.4077773753869393,0.3423868087499065
AATGAAGTCACTCTTA-H10,0.2670594533042491,0.39120652584248733,0.34173402085326277
AATGAAGTCTGCGGAC-H10,0.6201574632147242,0.15588734639268156,0.22395519039259376
AATGACCCAATCGTCA-H10,0.26792511533116087,0.39025651780561627,0.3418183668632216
AATGACCCAGTGTACT-H10,0.24880539108407257,0.40780562290899736,0.34338898600692724
AATGACCTCAATCAGC-H10,0.28146995205736886,0.37964718440685963,0.3388828635357697
AATGACCTCAGCGCAC-H10,0.5485505825506708,0.16835864419713456,0.2830907732521945
AATGACCTCAGTCTTT-H10,0.24458291159239115,0.4124810589834086,0.3429360294241971
AATGACCTCCATCTGC-H10,0.4707688431050318,0.2141813209044185,0.31504983599054864
AATGACCTCGTCGCTT-H10,0.2716696075974274,0.3862151255162277,0.34211526688634347
AATGCCAGTAGGCTGA-H10,0.261546120013415,0.39683502051169006,0.34161885947489273
AATGGAAAGCTGAAAT-H10,0.5352341807103467,0.2059973995524081,0.2587684197372442
AATGGAACATCCCACT-H10,0.2533652532637706,0.40411255207432717,0.3425221946619
AATGGAAGTGGTCTCG-H10,0.21125743681947892,0.2430635567362346,0.5456790064442875
AATGGAATCCTCACTG-H10,0.2634073180337372,0.3950420300671794,0.3415506518990811
AATGGCTAGCTAGTTC-H10,0.264450304485192,0.3940456804488407,0.3415040150659652
AATGGCTAGCTCGAAG-H10,0.25122997627478233,0.40580222877007,0.3429677949551449
AATGGCTCAGCTGGTC-H10,0.27054781125251154,0.3874233027997181,0.3420288859477687
AATGGCTGTGCCAAGA-H10,0.3386522514840819,0.20822955333290413,0.4531181951830145
AATGGCTTCGCTTGCT-H10,0.16798944430432342,0.5054251389417587,0.3265854167539169
AATGGCTTCTAGAACC-H10,0.18208419597635922,0.4784871212075527,0.3394286828160865
AATTCCTAGTAAGGGA-H10,0.254936222339039,0.40292245489395556,0.342141322767003
AATTCCTAGTCGAAAT-H10,0.5857679814677313,0.14464159671129073,0.2695904218209779
AATTCCTGTTCCATTT-H10,0.7129817134837039,0.10611738602878991,0.18090090048750598
AATTTCCAGCTAGATA-H10,0.25301899207171136,0.40453530781365016,0.34244570011463615
AATTTCCAGGATATAC-H10,0.2555058626897614,0.4022532291787699,0.3422409081314663
AATTTCCGTGAGATCG-H10,0.24240809158988574,0.4134150150611498,0.3441768933489612
AATTTCCGTTTACCAG-H10,0.24253640827367104,0.23882108996518497,0.5186425017611447
AATTTCCTCCGAAATC-H10,0.2658311623085675,0.3925491677919416,0.3416196698994905
AATTTCCTCGAAACAA-H10,0.26593938037468556,0.39243049326742274,0.34163012635789114
AATTTCCTCGGTCGAC-H10,0.26790316524226754,0.3902812256738976,0.3418156090838335
AATTTCCTCTGCACCT-H10,0.27115301018283594,0.3866993339499608,0.34214765586720214
AATTTCCTCTTCACAT-H10,0.40691107879566796,0.25644469374415124,0.33664422746018
ACAAAGACAAAGCTAA-H10,0.26553738337086225,0.3928666667741364,0.3415959498550005
ACAAAGACAACAGCTT-H10,0.26957969894140005,0.3884253028046205,0.34199499825397794
ACAAAGACACGTCGTG-H10,0.23840603984392755,0.41689606503059484,0.3446978951254746
ACAAAGACATGACTTG-H10,0.7286112039015703,0.09684305493223172,0.1745457411661982
ACAAAGAGTACTCGTA-H10,0.26455602756524627,0.3939522132203294,0.34149175921442215
ACAAAGAGTAGGGAGG-H10,0.26561061028009436,0.3928173501114953,0.3415720396084095
ACAAAGAGTAGTACGG-H10,0.26716873775640676,0.3910871682719604,0.34174409397163147
ACAAAGAGTTCGAAGG-H10,0.23348266052746228,0.42176450826554274,0.3447528312069921
ACAAAGATCAGGGATG-H10,0.2677061015537808,0.390500894035255,0.3417930044109636
ACAACCAAGATGGCAC-H10,0.2400788722412158,0.4151098712695003,0.34481125648928074
ACAACCAAGGTCCCGT-H10,0.2741686301319267,0.3835235971527124,0.342307772715359
ACAACCACACGCAAAG-H10,0.2634994827082811,0.3949732495778647,0.34152726771385195
ACAACCACAGCCGTCA-H10,0.25037085365675127,0.40706476981337636,0.3425643765298695
ACAAGCTAGCTAAGTA-H10,0.24838518914928265,0.4086118594719471,0.34300295137876713
ACAAGCTCAACTGGTT-H10,0.2458176677640981,0.4114021146089933,0.34278021762690547
ACAAGCTCACCATAAC-H10,0.23080788699260832,0.423671935548377,0.34552017745901187
ACAAGCTGTGCGCTCA-H10,0.26471222952096435,0.3937734712745485,0.3415142992044853
ACACAGTAGCAAATCA-H10,0.27089416395057614,0.3870518315203193,0.3420540045291024
ACACAGTAGTCGAAAT-H10,0.26561388463815133,0.3927852719230676,0.3416008434387804
ACACAGTCACATGACT-H10,0.21226140734797028,0.2716759326866802,0.5160626599653505
ACACAGTCAGTTCCAA-H10,0.265844638543492,0.39253434088993305,0.34162102056657423
ACACAGTGTCCACATA-H10,0.3489987902836311,0.20863828850742486,0.4423629212089445
ACACAGTGTGCCTTCT-H10,0.2310718263744595,0.42285782265874616,0.34607035096679134
ACACAGTTCAGTCACA-H10,0.2308030842558657,0.41834600383236853,0.3508509119117635
ACACAGTTCATTCCTA-H10,0.30633276057096587,0.3489069779178989,0.3447602615111335
ACACAGTTCCCTCTTT-H10,0.77296328941788,0.08118767026196229,0.14584904032015777
ACACAGTTCTGGTGGC-H10,0.1973835579135676,0.2386025953217377,0.5640138467646955
ACACCAAAGGCATCTT-H10,0.24171003688535375,0.41345528694408606,0.3448346761705572
ACACCAAAGTGGAAAG-H10,0.2609513021659789,0.3973738292557293,0.34167486857828966
ACACCAAGTAGGTTTC-H10,0.26434678568821074,0.3941599237525905,0.3414932905591966
ACACCAAGTCTTTCTA-H10,0.5385931597948613,0.1960588561418081,0.26534798406332993
ACACCAAGTTAATGAG-H10,0.2645875782394369,0.3939191526487966,0.34149326911176414
ACACCAATCATCGCCT-H10,0.23339398137614287,0.4239990018525957,0.34260701677125854
ACACCAATCGCTTAAG-H10,0.26570937336294953,0.39268133712336284,0.34160928951368696
ACACCAATCGTCAGAT-H10,0.2659238431151862,0.39244837782295716,0.34162777906185604
ACACCAATCGTCTAAG-H10,0.26702417205377826,0.391245298704684,0.3417305292415367
ACACCAATCTCTGGTC-H10,0.27007273517647773,0.3879404318749899,0.34198683294853055
ACACGCGAGAAACCAT-H10,0.2670745097247875,0.39117599773510553,0.34174949254010584
ACACGCGAGTCCGTCG-H10,0.26424281577717,0.3942569443178694,0.3415002399049584
ACACGCGCAGTTGTCA-H10,0.16365855397174991,0.3337638775584086,0.502577568469842
ACACGCGGTAAGTCAA-H10,0.26458761055558183,0.3939191171958229,0.34149327224859277
ACACGCGTCTGTGTGA-H10,0.22470399386489256,0.4306888006088195,0.3446072055262849
ACACTGACATGAAAGT-H10,0.24870360533816044,0.40855690100638237,0.3427394936554543
ACACTGAGTCGTCGGT-H10,0.15296793675519468,0.23677465950261523,0.6102574037421904
ACACTGATCATCTCTA-H10,0.24188390218464972,0.413232791334596,0.3448833064807514
ACAGAAAAGTCACGAG-H10,0.2634199247349045,0.3951376567098852,0.34144241855520835
ACAGAAAGTCATCCCT-H10,0.26424295704666106,0.3942567238851297,0.341500319068207
ACAGAAATCAGGAAAT-H10,0.23314921608151856,0.42427105443289725,0.34257972948558124
ACAGAAATCGCAGTCG-H10,0.27001466296581905,0.3880030738051082,0.34198226322907144
ACAGAAATCGCTAAAC-H10,0.26561826669917066,0.39277129834779845,0.34161043495302995
ACAGCCGCACGTCTCT-H10,0.24241099229429253,0.4134172748284652,0.3441717328772395
ACAGCCGTCAGTGGGA-H10,0.24752514280413074,0.40872416023955743,0.34375069695630894
ACAGGGAAGCAGCAGT-H10,0.25338129369538565,0.4039877109933495,0.3426309953112622
ACAGGGAAGCATATGA-H10,0.2439750679376096,0.4117427347824664,0.34428219727992115
ACAGGGAAGGACAACC-H10,0.24211544903585352,0.4131806694122624,0.3447038815518813
ACAGGGAAGGCAGGGA-H10,0.26520713040542976,0.39323542195497174,0.34155744763959744
ACAGGGACACATATGC-H10,0.2550756874570221,0.4025587443437281,0.34236556819924746
ACAGGGACACTAGGTT-H10,0.25138531598035535,0.4056712151448036,0.34294346887483823
ACAGGGACAGACAAGC-H10,0.24381908650861345,0.4096961903380116,0.3464847231533725
ACAGGGAGTCCATAGT-H10,0.476937938491128,0.19047939500802696,0.33258266650084495
ACAGGGAGTGCATACT-H10,0.24154097799441052,0.41350388602452876,0.3449551359810575
ACAGGGATCAGCTCTC-H10,0.23768947744293561,0.41697071999579965,0.3453398025612616
ACAGGGATCCAAGCAT-H10,0.26448596376947364,0.3940300909041323,0.3414839453263915
ACATCCCAGGCAGTCA-H10,0.22490098641051687,0.43049581566965184,0.34460319791982824
ACATCCCAGGGTAATT-H10,0.26614643244517333,0.3922038016858949,0.3416497658689311
ACATCCCAGTTCATGC-H10,0.15300248587031823,0.29493506815470216,0.5520624459749803
ACATCCCCATCAGCGC-H10,0.2656339680607619,0.3927566226540876,0.34160940928514993
ACATCCCCATGACGAG-H10,0.26703789960802626,0.3912297636847707,0.34173233670720193
ACATCCCTCATTGTGG-H10,0.14835051582436679,0.24084700259949854,0.610802481576135
ACATCCCTCCCAATAG-H10,0.26615373378923013,0.39219588308553355,0.34165038312523544
ACATCCCTCGCCGATG-H10,0.2711061198390934,0.3868229590518425,0.3420709211090615
ACATCCCTCGTAATGC-H10,0.2634063147548006,0.39514903784765215,0.34144464739754526
ACATCGAAGTTCCGGC-H10,0.26732477595685983,0.3909170924541206,0.3417581315890187
ACATCGACAAGTCCCG-H10,0.24318250472357567,0.4124970205225782,0.3443204747538431
ACATCGACACATTCTT-H10,0.28944202039931205,0.20891605923280135,0.5016419203678874
ACATCGACACGTAACT-H10,0.2108420788199614,0.2575303226292614,0.5316275985507781
ACATCGACAGCCGTCA-H10,0.23177377463708748,0.4222286595655599,0.3459975657973497
ACATCGATCATCGTAG-H10,0.2560583030306418,0.4017459424780958,0.34219575449125994
ACATCGATCGACGATT-H10,0.19101811573475766,0.23647996916440386,0.572501915100839
ACATCGATCTGTGTGA-H10,0.1675539971882674,0.2887676891625582,0.5436783136491752
ACATGCAAGTACCGGA-H10,0.4440408499396643,0.22604440692411232,0.3299147431362223
ACATGCACAGACGGAT-H10,0.23373314968365766,0.4235629758247217,0.3427038744916178
ACATGCACAGGTGAGT-H10,0.2436839331011257,0.41205753553199875,0.3442585313668725
ACATGCACATCTGGGC-H10,0.15602551516158056,0.2729768325497461,0.5709976522886739
ACATGCATCAACACGT-H10,0.23494457689127224,0.42226000905600536,0.34279541405271946
ACATTTCAGGTCCCTG-H10,0.29460136476448934,0.37284206200405795,0.3325565732314503
ACATTTCCACACCGAC-H10,0.2125579261994534,0.2433422097026673,0.5440998640978804
ACATTTCCAGTCGCTG-H10,0.6857169836986754,0.11088980572477404,0.20339321057655058
ACATTTCCATTCCTAT-H10,0.23681009345202084,0.31614188671110155,0.447048019836877
ACATTTCTCGAACACT-H10,0.26310954042081025,0.39539175952447103,0.34149870005471644
ACATTTCTCTTTGCTA-H10,0.2598197816585259,0.398390443906014,0.34178977443545805
ACCAAACCACGGAAGT-H10,0.26828968320683355,0.3914958056254817,0.34021451116768253
ACCAAACGTACGCGTC-H10,0.25283859328550645,0.40444551055202543,0.3427158961624658
ACCAAACTCCAGTACA-H10,0.2761416310879536,0.3387290181266739,0.3851293507853697
ACCAAACTCTAGATCG-H10,0.14890397150333093,0.3752574687208783,0.4758385597757912
ACCAAACTCTCGACCT-H10,0.2528936578796147,0.40466872082434135,0.34243762129604155
ACCAACAAGATAGTGT-H10,0.25288396970520943,0.4044904470831551,0.34262558321163294
ACCAACAAGCGATGGT-H10,0.27135220905122315,0.38655899929749593,0.34208879165127865
ACCAACAAGGATACAT-H10,0.2425196150946414,0.4142853980565194,0.3431949868488364
ACCAACACAAGACTGG-H10,0.2483039549092262,0.4087880092476989,0.3429080358430719
ACCAACACACCGAATT-H10,0.26558794179233647,0.39284421836592115,0.3415678398417411
ACCAACATCATAGAGA-H10,0.6815085058007567,0.11226882270078772,0.20622267149845558
ACCAACATCTCATTGT-H10,0.23283414497221652,0.4216205657825599,0.3455452892452207
ACCACAAAGACCATTC-H10,0.2649966376371571,0.3934611852291475,0.3415421771336941
ACCACAAAGGGCGAAG-H10,0.2501736951373762,0.4072604976692115,0.34256580719340957
ACCACAAAGTAGATCA-H10,0.2247864086225353,0.4306030290768727,0.34461056230058895
ACCACAACATATTCGG-H10,0.276266662420494,0.381260639576823,0.34247269800268126
ACCACAAGTATTAAGG-H10,0.2751355155045666,0.38248373326992136,0.3423807512255105
ACCACAAGTGATTGGG-H10,0.24097358457261625,0.4139394499021575,0.34508696552522294
ACCACAATCGATACAC-H10,0.2646483132992068,0.3938413808289928,0.34151030587179815
ACCATTTAGAGAGCAA-H10,0.25614653798296355,0.4000960980661493,0.34375736395088446
ACCATTTAGGTTCTTG-H10,0.23857513220755222,0.4175534949074423,0.34387137288500214
ACCATTTAGTAACAGT-H10,0.18606788511280042,0.4712726722767643,0.3426594426104338
ACCATTTAGTATAGGT-H10,0.2712882551384446,0.38662802107193905,0.34208372378961405
ACCATTTAGTCGCGAA-H10,0.27326972679746825,0.3844344698019062,0.3422958034006241
ACCATTTCAAAGCACG-H10,0.2678900192515449,0.3902947077265593,0.3418152730218948
ACCATTTCAAAGGGCT-H10,0.25119672980575103,0.40583010756358123,0.3429731626306651
ACCATTTGTAACAAGT-H10,0.24870842807984644,0.40788242919704915,0.34340914272310147
ACCATTTTCATCCTGC-H10,0.5234222077468976,0.16025788241659833,0.3163199098365044
ACCATTTTCGCCAACG-H10,0.2562742915247356,0.4015478265475808,0.342177881927681
ACCCAAAAGACTCCGC-H10,0.27048223518782527,0.387925845126533,0.3415919196856402
ACCCAAAAGGAAGTGA-H10,0.14255176460447988,0.46769681742148184,0.38975141797403845
ACCCAAAGTACAAGTA-H10,0.2424072628495356,0.41341982219540657,0.3441729149550547
ACCCAAAGTCTCGACG-H10,0.26237330112864216,0.3959020381477044,0.3417246607236512
ACCCAAATCCTTGGAA-H10,0.2708102505451704,0.3871439342069716,0.3420458152478563
ACCCAAATCGAACGCC-H10,0.26562493580288055,0.3927639948686222,0.3416110693284964
ACCCTCACATTCCTAT-H10,0.5787370511727074,0.17812684233913534,0.24313610648815695
ACCCTCAGTGCATCTA-H10,0.26312042849262585,0.39538302908560663,0.3414965424217652
ACCCTCATCCGATAGT-H10,0.34113703775170423,0.32181518077747695,0.33704778147081704
ACCCTCATCTTCCTAA-H10,0.2563948542223155,0.4013749608191911,0.3422301849584909
ACCCTTGAGCACGATG-H10,0.33893868546544537,0.20822556778887472,0.45283574674568067
ACCCTTGAGTAGAGTT-H10,0.2552271924453521,0.4028774949415837,0.34189531261306194
ACCCTTGTCATTTCGT-H10,0.2635091853766373,0.39496396117575805,0.34152685344760253
ACCCTTGTCCCTCGTA-H10,0.26249434068046346,0.2083796969807848,0.5291259623387526
ACCCTTGTCCGGGACT-H10,0.7323177917945826,0.09899016385015892,0.16869204435525806
ACCCTTGTCGAGTCCG-H10,0.2830260573451376,0.3259637813638707,0.3910101612909799
ACCGTTCAGAAGCTGC-H10,0.2675940480156225,0.390622909279378,0.3417830427049986
ACCGTTCAGGATTTGA-H10,0.24239181438894825,0.41343280456579,0.3441753810452589
ACCGTTCCAAGAGTTA-H10,0.7193511610545692,0.09952032601611314,0.1811285129293175
ACCGTTCCACATGAAA-H10,0.1573005772108291,0.24420514205884644,0.5984942807303253
ACCGTTCGTGACGTCC-H10,0.21806823931767344,0.4303756827029259,0.35155607797939836
ACCGTTCGTTGCGAAG-H10,0.25627410289630914,0.4015479970706005,0.3421779000330881
ACCGTTCGTTGTGCCG-H10,0.6234784438604504,0.1324435190454669,0.24407803709408324
ACCGTTCTCACCTGGG-H10,0.26502240076825156,0.39343344447822576,0.34154415475352135
ACCGTTCTCATACAGC-H10,0.818969530929393,0.06493393724307998,0.11609653182752636
ACCGTTCTCATAGAGA-H10,0.15693649360516398,0.5195309512079344,0.3235325551869011
ACCGTTCTCGTCCTTG-H10,0.298719339431079,0.35874963708353297,0.34253102348538617
ACCGTTCTCGTTCAGA-H10,0.26714760594415815,0.3911105377805958,0.34174185627524517
ACCTACCAGTTGGAGC-H10,0.23663581934439698,0.4188088221359678,0.3445553585196321
ACCTACCCAACATCGT-H10,0.24792208144216157,0.40898822035169385,0.34308969820614166
ACCTACCGTAATTGGA-H10,0.2687476332647928,0.38936902563283937,0.34188334110236696
ACCTACCGTCCGGTGT-H10,0.25237068512352334,0.40527596176925873,0.3423533531072151
ACCTACCGTGCCCGTA-H10,0.35248215688413387,0.28651196649139643,0.3610058766244689
ACCTGAAAGAGTGTGC-H10,0.2246968314210214,0.43069692197735526,0.34460624660162065
ACCTGAAAGCCTGCCA-H10,0.2498954204452513,0.4077152073605018,0.3423893721942442
ACCTGAACACCATATG-H10,0.24318195993043557,0.4124897760381942,0.34432826403136724
ACCTGAACACGCGTGT-H10,0.3947492511415657,0.21051574681217677,0.3947350020462575
ACCTGAACAGTGGTGA-H10,0.26348899154563493,0.3949830894011538,0.3415279190532089
ACCTGAAGTTGCATTG-H10,0.23247893380452467,0.4226535769106088,0.3448674892848638
ACCTGAATCTCGGTCT-H10,0.2851754542590707,0.3226795009212685,0.3921450448196558
ACCTGAATCTGCGATA-H10,0.2679531288295109,0.3902257060281461,0.3418211651423419
ACCTGTCCATTCTTCA-H10,0.2639217519475641,0.3945555737962598,0.34152267425617344
ACCTGTCGTCAGACTT-H10,0.2511413273373981,0.40641659054462304,0.3424420821179764
ACCTGTCTCGACCAAT-H10,0.2652605642481228,0.3931731008186958,0.3415663349331798
ACCTGTCTCTCCAATT-H10,0.2667429549425335,0.39154984957916544,0.34170719547830014
ACGATCAAGCTTACGT-H10,0.25258581187372586,0.4049978977861721,0.34241629034009924
ACGATCATCCGTTTCG-H10,0.45055343054855607,0.17716363161808651,0.372282937833358
ACGATCATCGTTCAGA-H10,0.25627410194625916,0.40154799785067163,0.342177900203067
ACGATGTAGACAAGCC-H10,0.1651837074462081,0.23292709538757783,0.6018891971662147
ACGATGTAGTCGTTAC-H10,0.27422739099239635,0.3848331503098223,0.3409394586977793
ACGATGTGTACGACTT-H10,0.2709564037262131,0.3869846841446434,0.3420589121291414
ACGATGTGTCCAAATC-H10,0.2711576326080962,0.3867685604808635,0.3420738069110381
ACGATGTGTTTACTTC-H10,0.2644976890916417,0.39400344584125824,0.3414988650670979
ACGATGTTCTGTACAG-H10,0.2408148709773382,0.4147120505912545,0.3444730784314038
ACGCACGGTCAATCTG-H10,0.23172254972275536,0.41749000174137335,0.3507874485358693
ACGCACGTCAGCGTCG-H10,0.35248211075383706,0.2865119743704348,0.3610059148757272
ACGGAAGCAAGAGATT-H10,0.24900684245509033,0.40803575453280466,0.3429574030121021
ACGGAAGCAAGGAGTC-H10,0.24147318372959806,0.4135013282407474,0.34502548802965116
ACGGAAGTCGCCGTGA-H10,0.23931507329705712,0.23960183220255243,0.5210830945003909
ACGGAAGTCGTGTGGC-H10,0.23663641952872488,0.41880876089794666,0.34455481957332534
ACGGGTCAGAAAGTCT-H10,0.31023341033723306,0.34464767648998934,0.3451189131727754
ACGGGTCAGCCGTCGT-H10,0.2712696943880536,0.38664796883709274,0.3420823367748513
ACGGGTCAGGCCACCT-H10,0.26492280403193197,0.3935547246616378,0.3415224713064289
ACGGGTCCACAAGCAG-H10,0.2646030343934828,0.3939231750223682,0.34147379058414673
